require('dotenv').config();
const mongoose = require('mongoose');
const Car = require('../models/Car');

const cars = [
  {
    name: 'Toyota Camry Hybrid',
    brand: 'Toyota',
    model: 'Camry Hybrid',
    year: 2023,
    pricePerDay: 85,
    type: 'Sedan',
    description: 'Efficient, quiet, and refined with premium safety tech and a smooth hybrid drive.',
    location: 'Los Angeles, CA',
    pickupLocationCoords: { lat: 34.0522, lng: -118.2437 },
    imageUrl: 'https://images.unsplash.com/photo-1541899481282-d53bffe3c35d?w=1200&q=80',
    galleryImages: [
      'https://images.unsplash.com/photo-1493238792000-8113da705763?w=1200&q=80',
      'https://images.unsplash.com/photo-1503376780353-7e6692767b70?w=1200&q=80',
      'https://images.unsplash.com/photo-1502877338535-766e1452684a?w=1200&q=80'
    ],
    availability: true,
    rating: 4.7,
    seats: 5,
    transmission: 'Auto',
    fuelType: 'Hybrid'
  },
  {
    name: 'BMW 5 Series',
    brand: 'BMW',
    model: '530i',
    year: 2024,
    pricePerDay: 180,
    type: 'Sedan',
    description: 'Executive comfort with dynamic handling, premium cabin, and refined performance.',
    location: 'San Francisco, CA',
    pickupLocationCoords: { lat: 37.7749, lng: -122.4194 },
    imageUrl: 'https://images.unsplash.com/photo-1511919884226-fd3cad34687c?w=1200&q=80',
    car3dModel: '/Astronaut.glb',
    galleryImages: [
      'https://images.unsplash.com/photo-1493238792000-8113da705763?w=1200&q=80',
      'https://images.unsplash.com/photo-1503376780353-7e6692767b70?w=1200&q=80',
      'https://images.unsplash.com/photo-1462396881884-de2c07cb95ed?w=1200&q=80'
    ],
    availability: true,
    rating: 4.9,
    seats: 5,
    transmission: 'Auto',
    fuelType: 'Gasoline'
  },
  {
    name: 'Mercedes-Benz E-Class',
    brand: 'Mercedes',
    model: 'E350',
    year: 2024,
    pricePerDay: 210,
    type: 'Sedan',
    description: 'Signature luxury with an ultra-quiet cabin, advanced driver assist, and elegant design.',
    location: 'Miami, FL',
    pickupLocationCoords: { lat: 25.7617, lng: -80.1918 },
    imageUrl: 'https://images.unsplash.com/photo-1503376780353-7e6692767b70?w=1200&q=80',
    galleryImages: [
      'https://images.unsplash.com/photo-1485463611174-f302f6a5c1c9?w=1200&q=80',
      'https://images.unsplash.com/photo-1502877338535-766e1452684a?w=1200&q=80',
      'https://images.unsplash.com/photo-1493238792000-8113da705763?w=1200&q=80'
    ],
    availability: true,
    rating: 4.8,
    seats: 5,
    transmission: 'Auto',
    fuelType: 'Gasoline'
  },
  {
    name: 'Audi A6 Quattro',
    brand: 'Audi',
    model: 'A6',
    year: 2023,
    pricePerDay: 190,
    type: 'Sedan',
    description: 'Minimalist luxury with quattro confidence, crisp tech, and balanced comfort.',
    location: 'Chicago, IL',
    pickupLocationCoords: { lat: 41.8781, lng: -87.6298 },
    imageUrl: 'https://images.unsplash.com/photo-1503376780353-7e6692767b70?w=1200&q=80',
    galleryImages: [
      'https://images.unsplash.com/photo-1493238792000-8113da705763?w=1200&q=80',
      'https://images.unsplash.com/photo-1502877338535-766e1452684a?w=1200&q=80',
      'https://images.unsplash.com/photo-1485463611174-f302f6a5c1c9?w=1200&q=80'
    ],
    availability: true,
    rating: 4.8,
    seats: 5,
    transmission: 'Auto',
    fuelType: 'Gasoline'
  },
  {
    name: 'Tesla Model S Plaid',
    brand: 'Tesla',
    model: 'Model S Plaid',
    year: 2024,
    pricePerDay: 320,
    type: 'Electric',
    description: 'Instant torque and long-range luxury with cutting-edge autopilot features.',
    location: 'Austin, TX',
    pickupLocationCoords: { lat: 30.2672, lng: -97.7431 },
    imageUrl: 'https://images.unsplash.com/photo-1503376780353-7e6692767b70?w=1200&q=80',
    galleryImages: [
      'https://images.unsplash.com/photo-1544636331-e26879cd4d9b?w=1200&q=80',
      'https://images.unsplash.com/photo-1493238792000-8113da705763?w=1200&q=80',
      'https://images.unsplash.com/photo-1502877338535-766e1452684a?w=1200&q=80'
    ],
    availability: true,
    rating: 4.9,
    seats: 5,
    transmission: 'Auto',
    fuelType: 'Electric'
  },
  {
    name: 'Lexus RX 350',
    brand: 'Lexus',
    model: 'RX 350',
    year: 2023,
    pricePerDay: 160,
    type: 'SUV',
    description: 'Quiet, refined SUV with premium materials and a smooth, confident drive.',
    location: 'Seattle, WA',
    pickupLocationCoords: { lat: 47.6062, lng: -122.3321 },
    imageUrl: 'https://images.unsplash.com/photo-1503376780353-7e6692767b70?w=1200&q=80',
    galleryImages: [
      'https://images.unsplash.com/photo-1502877338535-766e1452684a?w=1200&q=80',
      'https://images.unsplash.com/photo-1485463611174-f302f6a5c1c9?w=1200&q=80',
      'https://images.unsplash.com/photo-1493238792000-8113da705763?w=1200&q=80'
    ],
    availability: true,
    rating: 4.8,
    seats: 5,
    transmission: 'Auto',
    fuelType: 'Gasoline'
  },
  {
    name: 'Porsche 911 Carrera',
    brand: 'Porsche',
    model: '911 Carrera',
    year: 2024,
    pricePerDay: 450,
    type: 'Sports',
    description: 'Iconic performance, precision handling, and timeless design for an unforgettable drive.',
    location: 'Las Vegas, NV',
    pickupLocationCoords: { lat: 36.1699, lng: -115.1398 },
    imageUrl: 'https://images.unsplash.com/photo-1503376780353-7e6692767b70?w=1200&q=80',
    car3dModel: '/DamagedHelmet.glb',
    galleryImages: [
      'https://images.unsplash.com/photo-1503376712341-ea080dd55e09?w=1200&q=80',
      'https://images.unsplash.com/photo-1493238792000-8113da705763?w=1200&q=80',
      'https://images.unsplash.com/photo-1485463611174-f302f6a5c1c9?w=1200&q=80'
    ],
    availability: true,
    rating: 5.0,
    seats: 4,
    transmission: 'Auto',
    fuelType: 'Gasoline'
  },
  {
    name: 'Honda Accord Touring',
    brand: 'Honda',
    model: 'Accord',
    year: 2023,
    pricePerDay: 75,
    type: 'Sedan',
    description: 'Spacious and efficient with upscale trims and a smooth ride for any trip.',
    location: 'Denver, CO',
    pickupLocationCoords: { lat: 39.7392, lng: -104.9903 },
    imageUrl: 'https://images.unsplash.com/photo-1493238792000-8113da705763?w=1200&q=80',
    galleryImages: [
      'https://images.unsplash.com/photo-1502877338535-766e1452684a?w=1200&q=80',
      'https://images.unsplash.com/photo-1485463611174-f302f6a5c1c9?w=1200&q=80',
      'https://images.unsplash.com/photo-1503376780353-7e6692767b70?w=1200&q=80'
    ],
    availability: true,
    rating: 4.6,
    seats: 5,
    transmission: 'Auto',
    fuelType: 'Gasoline'
  },
  {
    name: 'Hyundai Ioniq 5',
    brand: 'Hyundai',
    model: 'Ioniq 5',
    year: 2024,
    pricePerDay: 140,
    type: 'Electric',
    description: 'Futuristic EV with rapid charging, lounge-like interior, and smooth performance.',
    location: 'Portland, OR',
    pickupLocationCoords: { lat: 45.5152, lng: -122.6784 },
    imageUrl: 'https://images.unsplash.com/photo-1502877338535-766e1452684a?w=1200&q=80',
    galleryImages: [
      'https://images.unsplash.com/photo-1544636331-e26879cd4d9b?w=1200&q=80',
      'https://images.unsplash.com/photo-1493238792000-8113da705763?w=1200&q=80',
      'https://images.unsplash.com/photo-1485463611174-f302f6a5c1c9?w=1200&q=80'
    ],
    availability: true,
    rating: 4.7,
    seats: 5,
    transmission: 'Auto',
    fuelType: 'Electric'
  },
  {
    name: 'Kia Telluride SX',
    brand: 'Kia',
    model: 'Telluride',
    year: 2023,
    pricePerDay: 130,
    type: 'SUV',
    description: 'Three-row luxury feel with bold styling, premium tech, and family comfort.',
    location: 'Dallas, TX',
    pickupLocationCoords: { lat: 32.7767, lng: -96.797 },
    imageUrl: 'https://images.unsplash.com/photo-1502877338535-766e1452684a?w=1200&q=80',
    galleryImages: [
      'https://images.unsplash.com/photo-1485463611174-f302f6a5c1c9?w=1200&q=80',
      'https://images.unsplash.com/photo-1493238792000-8113da705763?w=1200&q=80',
      'https://images.unsplash.com/photo-1503376780353-7e6692767b70?w=1200&q=80'
    ],
    availability: true,
    rating: 4.7,
    seats: 7,
    transmission: 'Auto',
    fuelType: 'Gasoline'
  },
  {
    name: 'Ford Mustang GT',
    brand: 'Ford',
    model: 'Mustang GT',
    year: 2024,
    pricePerDay: 170,
    type: 'Sports',
    description: 'Classic muscle with modern tech, aggressive stance, and a thrilling V8.',
    location: 'Phoenix, AZ',
    pickupLocationCoords: { lat: 33.4484, lng: -112.074 },
    imageUrl: 'https://images.unsplash.com/photo-1502877338535-766e1452684a?w=1200&q=80',
    galleryImages: [
      'https://images.unsplash.com/photo-1503376780353-7e6692767b70?w=1200&q=80',
      'https://images.unsplash.com/photo-1493238792000-8113da705763?w=1200&q=80',
      'https://images.unsplash.com/photo-1485463611174-f302f6a5c1c9?w=1200&q=80'
    ],
    availability: true,
    rating: 4.8,
    seats: 4,
    transmission: 'Manual',
    fuelType: 'Gasoline'
  },
  {
    name: 'Chevrolet Tahoe Premier',
    brand: 'Chevrolet',
    model: 'Tahoe',
    year: 2023,
    pricePerDay: 155,
    type: 'SUV',
    description: 'Full-size luxury SUV with commanding presence, space, and refined power.',
    location: 'Houston, TX',
    pickupLocationCoords: { lat: 29.7604, lng: -95.3698 },
    imageUrl: 'https://images.unsplash.com/photo-1502877338535-766e1452684a?w=1200&q=80',
    galleryImages: [
      'https://images.unsplash.com/photo-1485463611174-f302f6a5c1c9?w=1200&q=80',
      'https://images.unsplash.com/photo-1493238792000-8113da705763?w=1200&q=80',
      'https://images.unsplash.com/photo-1503376780353-7e6692767b70?w=1200&q=80'
    ],
    availability: true,
    rating: 4.6,
    seats: 7,
    transmission: 'Auto',
    fuelType: 'Gasoline'
  },
  {
    name: 'Nissan Altima SV',
    brand: 'Nissan',
    model: 'Altima',
    year: 2022,
    pricePerDay: 65,
    type: 'Sedan',
    description: 'Comfortable and efficient with modern safety features and smooth handling.',
    location: 'Atlanta, GA',
    pickupLocationCoords: { lat: 33.749, lng: -84.388 },
    imageUrl: 'https://images.unsplash.com/photo-1493238792000-8113da705763?w=1200&q=80',
    galleryImages: [
      'https://images.unsplash.com/photo-1502877338535-766e1452684a?w=1200&q=80',
      'https://images.unsplash.com/photo-1485463611174-f302f6a5c1c9?w=1200&q=80',
      'https://images.unsplash.com/photo-1503376780353-7e6692767b70?w=1200&q=80'
    ],
    availability: true,
    rating: 4.5,
    seats: 5,
    transmission: 'Auto',
    fuelType: 'Gasoline'
  },
  {
    name: 'Mazda CX-5 Signature',
    brand: 'Mazda',
    model: 'CX-5',
    year: 2023,
    pricePerDay: 105,
    type: 'SUV',
    description: 'Refined crossover with premium interior, spirited handling, and elegant style.',
    location: 'San Diego, CA',
    pickupLocationCoords: { lat: 32.7157, lng: -117.1611 },
    imageUrl: 'https://images.unsplash.com/photo-1503376780353-7e6692767b70?w=1200&q=80',
    galleryImages: [
      'https://images.unsplash.com/photo-1493238792000-8113da705763?w=1200&q=80',
      'https://images.unsplash.com/photo-1502877338535-766e1452684a?w=1200&q=80',
      'https://images.unsplash.com/photo-1485463611174-f302f6a5c1c9?w=1200&q=80'
    ],
    availability: true,
    rating: 4.7,
    seats: 5,
    transmission: 'Auto',
    fuelType: 'Gasoline'
  },
  {
    name: 'Tesla Model 3 Long Range',
    brand: 'Tesla',
    model: 'Model 3',
    year: 2024,
    pricePerDay: 160,
    type: 'Electric',
    description: 'Long-range EV with minimalist cabin, instant acceleration, and autopilot.',
    location: 'San Jose, CA',
    pickupLocationCoords: { lat: 37.3382, lng: -121.8863 },
    imageUrl: 'https://images.unsplash.com/photo-1560958089-b8a1929cea89?w=1200&q=80',
    galleryImages: [
      'https://images.unsplash.com/photo-1544636331-e26879cd4d9b?w=1200&q=80',
      'https://images.unsplash.com/photo-1502877338535-766e1452684a?w=1200&q=80',
      'https://images.unsplash.com/photo-1493238792000-8113da705763?w=1200&q=80'
    ],
    availability: true,
    rating: 4.9,
    seats: 5,
    transmission: 'Auto',
    fuelType: 'Electric'
  },
  {
    name: 'BMW X5',
    brand: 'BMW',
    model: 'X5',
    year: 2023,
    pricePerDay: 210,
    type: 'SUV',
    description: 'Luxury SUV blending power, comfort, and advanced technology in a bold package.',
    location: 'New York, NY',
    pickupLocationCoords: { lat: 40.7128, lng: -74.006 },
    imageUrl: 'https://images.unsplash.com/photo-1503376780353-7e6692767b70?w=1200&q=80',
    galleryImages: [
      'https://images.unsplash.com/photo-1485463611174-f302f6a5c1c9?w=1200&q=80',
      'https://images.unsplash.com/photo-1493238792000-8113da705763?w=1200&q=80',
      'https://images.unsplash.com/photo-1502877338535-766e1452684a?w=1200&q=80'
    ],
    availability: true,
    rating: 4.8,
    seats: 5,
    transmission: 'Auto',
    fuelType: 'Gasoline'
  },
  {
    name: 'Mercedes-Benz GLE 450',
    brand: 'Mercedes',
    model: 'GLE 450',
    year: 2024,
    pricePerDay: 240,
    type: 'SUV',
    description: 'Comfort and capability with premium finishes and smooth power delivery.',
    location: 'Orlando, FL',
    pickupLocationCoords: { lat: 28.5383, lng: -81.3792 },
    imageUrl: 'https://images.unsplash.com/photo-1502877338535-766e1452684a?w=1200&q=80',
    galleryImages: [
      'https://images.unsplash.com/photo-1485463611174-f302f6a5c1c9?w=1200&q=80',
      'https://images.unsplash.com/photo-1493238792000-8113da705763?w=1200&q=80',
      'https://images.unsplash.com/photo-1503376780353-7e6692767b70?w=1200&q=80'
    ],
    availability: true,
    rating: 4.9,
    seats: 5,
    transmission: 'Auto',
    fuelType: 'Gasoline'
  },
  {
    name: 'Audi Q7',
    brand: 'Audi',
    model: 'Q7',
    year: 2023,
    pricePerDay: 220,
    type: 'SUV',
    description: 'Three-row luxury SUV with refined tech, quattro stability, and elegant design.',
    location: 'Boston, MA',
    pickupLocationCoords: { lat: 42.3601, lng: -71.0589 },
    imageUrl: 'https://images.unsplash.com/photo-1503376780353-7e6692767b70?w=1200&q=80',
    galleryImages: [
      'https://images.unsplash.com/photo-1493238792000-8113da705763?w=1200&q=80',
      'https://images.unsplash.com/photo-1502877338535-766e1452684a?w=1200&q=80',
      'https://images.unsplash.com/photo-1485463611174-f302f6a5c1c9?w=1200&q=80'
    ],
    availability: true,
    rating: 4.8,
    seats: 7,
    transmission: 'Auto',
    fuelType: 'Gasoline'
  },
  {
    name: 'Lexus ES 300h',
    brand: 'Lexus',
    model: 'ES 300h',
    year: 2023,
    pricePerDay: 140,
    type: 'Sedan',
    description: 'Ultra-smooth hybrid luxury with a whisper-quiet cabin and refined ride.',
    location: 'Philadelphia, PA',
    pickupLocationCoords: { lat: 39.9526, lng: -75.1652 },
    imageUrl: 'https://images.unsplash.com/photo-1493238792000-8113da705763?w=1200&q=80',
    galleryImages: [
      'https://images.unsplash.com/photo-1485463611174-f302f6a5c1c9?w=1200&q=80',
      'https://images.unsplash.com/photo-1502877338535-766e1452684a?w=1200&q=80',
      'https://images.unsplash.com/photo-1503376780353-7e6692767b70?w=1200&q=80'
    ],
    availability: true,
    rating: 4.7,
    seats: 5,
    transmission: 'Auto',
    fuelType: 'Hybrid'
  },
  {
    name: 'Porsche Macan',
    brand: 'Porsche',
    model: 'Macan',
    year: 2023,
    pricePerDay: 260,
    type: 'SUV',
    description: 'Sporty compact SUV with Porsche DNA, premium interior, and sharp handling.',
    location: 'Scottsdale, AZ',
    pickupLocationCoords: { lat: 33.4942, lng: -111.9261 },
    imageUrl: 'https://images.unsplash.com/photo-1503376780353-7e6692767b70?w=1200&q=80',
    galleryImages: [
      'https://images.unsplash.com/photo-1503376712341-ea080dd55e09?w=1200&q=80',
      'https://images.unsplash.com/photo-1493238792000-8113da705763?w=1200&q=80',
      'https://images.unsplash.com/photo-1485463611174-f302f6a5c1c9?w=1200&q=80'
    ],
    availability: true,
    rating: 4.8,
    seats: 5,
    transmission: 'Auto',
    fuelType: 'Gasoline'
  },
  {
    name: 'Honda CR-V',
    brand: 'Honda',
    model: 'CR-V',
    year: 2023,
    pricePerDay: 95,
    type: 'SUV',
    description: 'Reliable and spacious crossover with modern safety and efficient performance.',
    location: 'Tampa, FL',
    pickupLocationCoords: { lat: 27.9506, lng: -82.4572 },
    imageUrl: 'https://images.unsplash.com/photo-1502877338535-766e1452684a?w=1200&q=80',
    galleryImages: [
      'https://images.unsplash.com/photo-1493238792000-8113da705763?w=1200&q=80',
      'https://images.unsplash.com/photo-1485463611174-f302f6a5c1c9?w=1200&q=80',
      'https://images.unsplash.com/photo-1503376780353-7e6692767b70?w=1200&q=80'
    ],
    availability: true,
    rating: 4.6,
    seats: 5,
    transmission: 'Auto',
    fuelType: 'Gasoline'
  },
  {
    name: 'Hyundai Palisade',
    brand: 'Hyundai',
    model: 'Palisade',
    year: 2024,
    pricePerDay: 135,
    type: 'SUV',
    description: 'Three-row premium SUV with upscale cabin and confident ride quality.',
    location: 'Charlotte, NC',
    pickupLocationCoords: { lat: 35.2271, lng: -80.8431 },
    imageUrl: 'https://images.unsplash.com/photo-1503376780353-7e6692767b70?w=1200&q=80',
    galleryImages: [
      'https://images.unsplash.com/photo-1493238792000-8113da705763?w=1200&q=80',
      'https://images.unsplash.com/photo-1502877338535-766e1452684a?w=1200&q=80',
      'https://images.unsplash.com/photo-1485463611174-f302f6a5c1c9?w=1200&q=80'
    ],
    availability: true,
    rating: 4.7,
    seats: 7,
    transmission: 'Auto',
    fuelType: 'Gasoline'
  },
  {
    name: 'Kia EV6 GT-Line',
    brand: 'Kia',
    model: 'EV6',
    year: 2024,
    pricePerDay: 150,
    type: 'Electric',
    description: 'Sleek electric crossover with fast charging and premium tech suite.',
    location: 'Salt Lake City, UT',
    pickupLocationCoords: { lat: 40.7608, lng: -111.891 },
    imageUrl: 'https://images.unsplash.com/photo-1544636331-e26879cd4d9b?w=1200&q=80',
    galleryImages: [
      'https://images.unsplash.com/photo-1502877338535-766e1452684a?w=1200&q=80',
      'https://images.unsplash.com/photo-1493238792000-8113da705763?w=1200&q=80',
      'https://images.unsplash.com/photo-1485463611174-f302f6a5c1c9?w=1200&q=80'
    ],
    availability: true,
    rating: 4.7,
    seats: 5,
    transmission: 'Auto',
    fuelType: 'Electric'
  },
  {
    name: 'Ford Explorer Platinum',
    brand: 'Ford',
    model: 'Explorer',
    year: 2023,
    pricePerDay: 140,
    type: 'SUV',
    description: 'Premium family SUV with strong power and modern driver assistance.',
    location: 'Minneapolis, MN',
    pickupLocationCoords: { lat: 44.9778, lng: -93.265 },
    imageUrl: 'https://images.unsplash.com/photo-1502877338535-766e1452684a?w=1200&q=80',
    galleryImages: [
      'https://images.unsplash.com/photo-1493238792000-8113da705763?w=1200&q=80',
      'https://images.unsplash.com/photo-1503376780353-7e6692767b70?w=1200&q=80',
      'https://images.unsplash.com/photo-1485463611174-f302f6a5c1c9?w=1200&q=80'
    ],
    availability: true,
    rating: 4.6,
    seats: 7,
    transmission: 'Auto',
    fuelType: 'Gasoline'
  },
  {
    name: 'Chevrolet Camaro SS',
    brand: 'Chevrolet',
    model: 'Camaro SS',
    year: 2023,
    pricePerDay: 165,
    type: 'Sports',
    description: 'Aggressive styling, thrilling V8 power, and track-ready performance.',
    location: 'Nashville, TN',
    pickupLocationCoords: { lat: 36.1627, lng: -86.7816 },
    imageUrl: 'https://images.unsplash.com/photo-1502877338535-766e1452684a?w=1200&q=80',
    galleryImages: [
      'https://images.unsplash.com/photo-1503376780353-7e6692767b70?w=1200&q=80',
      'https://images.unsplash.com/photo-1493238792000-8113da705763?w=1200&q=80',
      'https://images.unsplash.com/photo-1485463611174-f302f6a5c1c9?w=1200&q=80'
    ],
    availability: true,
    rating: 4.7,
    seats: 4,
    transmission: 'Manual',
    fuelType: 'Gasoline'
  },
  {
    name: 'Nissan Rogue SL',
    brand: 'Nissan',
    model: 'Rogue',
    year: 2023,
    pricePerDay: 95,
    type: 'SUV',
    description: 'Smooth, efficient crossover with advanced safety tech and roomy interior.',
    location: 'Columbus, OH',
    pickupLocationCoords: { lat: 39.9612, lng: -82.9988 },
    imageUrl: 'https://images.unsplash.com/photo-1502877338535-766e1452684a?w=1200&q=80',
    galleryImages: [
      'https://images.unsplash.com/photo-1493238792000-8113da705763?w=1200&q=80',
      'https://images.unsplash.com/photo-1503376780353-7e6692767b70?w=1200&q=80',
      'https://images.unsplash.com/photo-1485463611174-f302f6a5c1c9?w=1200&q=80'
    ],
    availability: true,
    rating: 4.6,
    seats: 5,
    transmission: 'Auto',
    fuelType: 'Gasoline'
  },
  {
    name: 'Mazda 6 Signature',
    brand: 'Mazda',
    model: 'Mazda6',
    year: 2022,
    pricePerDay: 80,
    type: 'Sedan',
    description: 'Elegant design, premium cabin, and athletic handling for a refined ride.',
    location: 'Raleigh, NC',
    pickupLocationCoords: { lat: 35.7796, lng: -78.6382 },
    imageUrl: 'https://images.unsplash.com/photo-1493238792000-8113da705763?w=1200&q=80',
    galleryImages: [
      'https://images.unsplash.com/photo-1502877338535-766e1452684a?w=1200&q=80',
      'https://images.unsplash.com/photo-1503376780353-7e6692767b70?w=1200&q=80',
      'https://images.unsplash.com/photo-1485463611174-f302f6a5c1c9?w=1200&q=80'
    ],
    availability: true,
    rating: 4.6,
    seats: 5,
    transmission: 'Auto',
    fuelType: 'Gasoline'
  },
  {
    name: 'Toyota RAV4 Hybrid',
    brand: 'Toyota',
    model: 'RAV4 Hybrid',
    year: 2024,
    pricePerDay: 110,
    type: 'SUV',
    description: 'Efficient hybrid SUV with versatile cargo space and advanced safety.',
    location: 'San Antonio, TX',
    pickupLocationCoords: { lat: 29.4241, lng: -98.4936 },
    imageUrl: 'https://images.unsplash.com/photo-1502877338535-766e1452684a?w=1200&q=80',
    galleryImages: [
      'https://images.unsplash.com/photo-1493238792000-8113da705763?w=1200&q=80',
      'https://images.unsplash.com/photo-1485463611174-f302f6a5c1c9?w=1200&q=80',
      'https://images.unsplash.com/photo-1503376780353-7e6692767b70?w=1200&q=80'
    ],
    availability: true,
    rating: 4.7,
    seats: 5,
    transmission: 'Auto',
    fuelType: 'Hybrid'
  },
  {
    name: 'BMW X3',
    brand: 'BMW',
    model: 'X3',
    year: 2023,
    pricePerDay: 175,
    type: 'SUV',
    description: 'Balanced luxury SUV with sporty handling and a premium interior.',
    location: 'Washington, DC',
    pickupLocationCoords: { lat: 38.9072, lng: -77.0369 },
    imageUrl: 'https://images.unsplash.com/photo-1503376780353-7e6692767b70?w=1200&q=80',
    galleryImages: [
      'https://images.unsplash.com/photo-1493238792000-8113da705763?w=1200&q=80',
      'https://images.unsplash.com/photo-1485463611174-f302f6a5c1c9?w=1200&q=80',
      'https://images.unsplash.com/photo-1502877338535-766e1452684a?w=1200&q=80'
    ],
    availability: true,
    rating: 4.7,
    seats: 5,
    transmission: 'Auto',
    fuelType: 'Gasoline'
  },
  {
    name: 'Mercedes-Benz C-Class',
    brand: 'Mercedes',
    model: 'C300',
    year: 2023,
    pricePerDay: 170,
    type: 'Sedan',
    description: 'Compact luxury sedan with a premium cabin and smooth power delivery.',
    location: 'New Orleans, LA',
    pickupLocationCoords: { lat: 29.9511, lng: -90.0715 },
    imageUrl: 'https://images.unsplash.com/photo-1503376780353-7e6692767b70?w=1200&q=80',
    galleryImages: [
      'https://images.unsplash.com/photo-1485463611174-f302f6a5c1c9?w=1200&q=80',
      'https://images.unsplash.com/photo-1493238792000-8113da705763?w=1200&q=80',
      'https://images.unsplash.com/photo-1502877338535-766e1452684a?w=1200&q=80'
    ],
    availability: true,
    rating: 4.7,
    seats: 5,
    transmission: 'Auto',
    fuelType: 'Gasoline'
  },
  {
    name: 'Audi A4 Premium',
    brand: 'Audi',
    model: 'A4',
    year: 2023,
    pricePerDay: 150,
    type: 'Sedan',
    description: 'Clean, modern luxury with crisp tech and quattro confidence.',
    location: 'Jersey City, NJ',
    pickupLocationCoords: { lat: 40.7178, lng: -74.0431 },
    imageUrl: 'https://images.unsplash.com/photo-1503376780353-7e6692767b70?w=1200&q=80',
    galleryImages: [
      'https://images.unsplash.com/photo-1493238792000-8113da705763?w=1200&q=80',
      'https://images.unsplash.com/photo-1502877338535-766e1452684a?w=1200&q=80',
      'https://images.unsplash.com/photo-1485463611174-f302f6a5c1c9?w=1200&q=80'
    ],
    availability: true,
    rating: 4.6,
    seats: 5,
    transmission: 'Auto',
    fuelType: 'Gasoline'
  },
  {
    name: 'Tesla Model Y',
    brand: 'Tesla',
    model: 'Model Y',
    year: 2024,
    pricePerDay: 175,
    type: 'Electric',
    description: 'Spacious EV crossover with long range and advanced autopilot.',
    location: 'Irvine, CA',
    pickupLocationCoords: { lat: 33.6846, lng: -117.8265 },
    imageUrl: 'https://images.unsplash.com/photo-1544636331-e26879cd4d9b?w=1200&q=80',
    galleryImages: [
      'https://images.unsplash.com/photo-1560958089-b8a1929cea89?w=1200&q=80',
      'https://images.unsplash.com/photo-1493238792000-8113da705763?w=1200&q=80',
      'https://images.unsplash.com/photo-1502877338535-766e1452684a?w=1200&q=80'
    ],
    availability: true,
    rating: 4.9,
    seats: 5,
    transmission: 'Auto',
    fuelType: 'Electric'
  },
  {
    name: 'Lexus NX 350',
    brand: 'Lexus',
    model: 'NX 350',
    year: 2024,
    pricePerDay: 150,
    type: 'SUV',
    description: 'Premium compact SUV with refined materials and smooth turbo power.',
    location: 'Sacramento, CA',
    pickupLocationCoords: { lat: 38.5816, lng: -121.4944 },
    imageUrl: 'https://images.unsplash.com/photo-1503376780353-7e6692767b70?w=1200&q=80',
    galleryImages: [
      'https://images.unsplash.com/photo-1485463611174-f302f6a5c1c9?w=1200&q=80',
      'https://images.unsplash.com/photo-1493238792000-8113da705763?w=1200&q=80',
      'https://images.unsplash.com/photo-1502877338535-766e1452684a?w=1200&q=80'
    ],
    availability: true,
    rating: 4.7,
    seats: 5,
    transmission: 'Auto',
    fuelType: 'Gasoline'
  },
  {
    name: 'Porsche Taycan',
    brand: 'Porsche',
    model: 'Taycan',
    year: 2024,
    pricePerDay: 420,
    type: 'Electric',
    description: 'Electric performance sedan with stunning acceleration and luxury cabin.',
    location: 'Beverly Hills, CA',
    pickupLocationCoords: { lat: 34.0736, lng: -118.4004 },
    imageUrl: 'https://images.unsplash.com/photo-1544636331-e26879cd4d9b?w=1200&q=80',
    galleryImages: [
      'https://images.unsplash.com/photo-1503376712341-ea080dd55e09?w=1200&q=80',
      'https://images.unsplash.com/photo-1493238792000-8113da705763?w=1200&q=80',
      'https://images.unsplash.com/photo-1502877338535-766e1452684a?w=1200&q=80'
    ],
    availability: true,
    rating: 4.9,
    seats: 4,
    transmission: 'Auto',
    fuelType: 'Electric'
  },
  {
    name: 'Honda Civic Touring',
    brand: 'Honda',
    model: 'Civic',
    year: 2023,
    pricePerDay: 60,
    type: 'Sedan',
    description: 'Compact and efficient with a premium feel and excellent safety tech.',
    location: 'Kansas City, MO',
    pickupLocationCoords: { lat: 39.0997, lng: -94.5786 },
    imageUrl: 'https://images.unsplash.com/photo-1493238792000-8113da705763?w=1200&q=80',
    galleryImages: [
      'https://images.unsplash.com/photo-1502877338535-766e1452684a?w=1200&q=80',
      'https://images.unsplash.com/photo-1485463611174-f302f6a5c1c9?w=1200&q=80',
      'https://images.unsplash.com/photo-1503376780353-7e6692767b70?w=1200&q=80'
    ],
    availability: true,
    rating: 4.6,
    seats: 5,
    transmission: 'Auto',
    fuelType: 'Gasoline'
  },
  {
    name: 'Hyundai Sonata Hybrid',
    brand: 'Hyundai',
    model: 'Sonata Hybrid',
    year: 2023,
    pricePerDay: 70,
    type: 'Sedan',
    description: 'Efficient hybrid sedan with sleek styling and a quiet, smooth ride.',
    location: 'Indianapolis, IN',
    pickupLocationCoords: { lat: 39.7684, lng: -86.1581 },
    imageUrl: 'https://images.unsplash.com/photo-1493238792000-8113da705763?w=1200&q=80',
    galleryImages: [
      'https://images.unsplash.com/photo-1502877338535-766e1452684a?w=1200&q=80',
      'https://images.unsplash.com/photo-1485463611174-f302f6a5c1c9?w=1200&q=80',
      'https://images.unsplash.com/photo-1503376780353-7e6692767b70?w=1200&q=80'
    ],
    availability: true,
    rating: 4.5,
    seats: 5,
    transmission: 'Auto',
    fuelType: 'Hybrid'
  },
  {
    name: 'Kia K5 GT-Line',
    brand: 'Kia',
    model: 'K5',
    year: 2023,
    pricePerDay: 72,
    type: 'Sedan',
    description: 'Sporty design with premium tech and a comfortable, smooth ride.',
    location: 'Cleveland, OH',
    pickupLocationCoords: { lat: 41.4993, lng: -81.6944 },
    imageUrl: 'https://images.unsplash.com/photo-1493238792000-8113da705763?w=1200&q=80',
    galleryImages: [
      'https://images.unsplash.com/photo-1502877338535-766e1452684a?w=1200&q=80',
      'https://images.unsplash.com/photo-1485463611174-f302f6a5c1c9?w=1200&q=80',
      'https://images.unsplash.com/photo-1503376780353-7e6692767b70?w=1200&q=80'
    ],
    availability: true,
    rating: 4.5,
    seats: 5,
    transmission: 'Auto',
    fuelType: 'Gasoline'
  },
  {
    name: 'Ford F-150 Lariat',
    brand: 'Ford',
    model: 'F-150',
    year: 2023,
    pricePerDay: 150,
    type: 'Truck',
    description: 'Luxury pickup with strong towing capability and upscale interior.',
    location: 'Oklahoma City, OK',
    pickupLocationCoords: { lat: 35.4676, lng: -97.5164 },
    imageUrl: 'https://images.unsplash.com/photo-1502877338535-766e1452684a?w=1200&q=80',
    galleryImages: [
      'https://images.unsplash.com/photo-1485463611174-f302f6a5c1c9?w=1200&q=80',
      'https://images.unsplash.com/photo-1493238792000-8113da705763?w=1200&q=80',
      'https://images.unsplash.com/photo-1503376780353-7e6692767b70?w=1200&q=80'
    ],
    availability: true,
    rating: 4.7,
    seats: 5,
    transmission: 'Auto',
    fuelType: 'Gasoline'
  },
  {
    name: 'Chevrolet Corvette Stingray',
    brand: 'Chevrolet',
    model: 'Corvette',
    year: 2024,
    pricePerDay: 320,
    type: 'Sports',
    description: 'Mid-engine performance with supercar dynamics and striking design.',
    location: 'Las Vegas, NV',
    pickupLocationCoords: { lat: 36.1699, lng: -115.1398 },
    imageUrl: 'https://images.unsplash.com/photo-1502877338535-766e1452684a?w=1200&q=80',
    galleryImages: [
      'https://images.unsplash.com/photo-1503376712341-ea080dd55e09?w=1200&q=80',
      'https://images.unsplash.com/photo-1493238792000-8113da705763?w=1200&q=80',
      'https://images.unsplash.com/photo-1485463611174-f302f6a5c1c9?w=1200&q=80'
    ],
    availability: true,
    rating: 4.9,
    seats: 2,
    transmission: 'Auto',
    fuelType: 'Gasoline'
  },
  {
    name: 'Nissan Maxima Platinum',
    brand: 'Nissan',
    model: 'Maxima',
    year: 2022,
    pricePerDay: 90,
    type: 'Sedan',
    description: 'Sporty full-size sedan with premium features and a powerful V6.',
    location: 'Detroit, MI',
    pickupLocationCoords: { lat: 42.3314, lng: -83.0458 },
    imageUrl: 'https://images.unsplash.com/photo-1493238792000-8113da705763?w=1200&q=80',
    galleryImages: [
      'https://images.unsplash.com/photo-1502877338535-766e1452684a?w=1200&q=80',
      'https://images.unsplash.com/photo-1485463611174-f302f6a5c1c9?w=1200&q=80',
      'https://images.unsplash.com/photo-1503376780353-7e6692767b70?w=1200&q=80'
    ],
    availability: true,
    rating: 4.6,
    seats: 5,
    transmission: 'Auto',
    fuelType: 'Gasoline'
  },
  {
    name: 'Mazda MX-5 Miata',
    brand: 'Mazda',
    model: 'MX-5',
    year: 2023,
    pricePerDay: 120,
    type: 'Sports',
    description: 'Lightweight roadster with pure driving feel and iconic design.',
    location: 'San Luis Obispo, CA',
    pickupLocationCoords: { lat: 35.2828, lng: -120.6596 },
    imageUrl: 'https://images.unsplash.com/photo-1502877338535-766e1452684a?w=1200&q=80',
    galleryImages: [
      'https://images.unsplash.com/photo-1503376712341-ea080dd55e09?w=1200&q=80',
      'https://images.unsplash.com/photo-1493238792000-8113da705763?w=1200&q=80',
      'https://images.unsplash.com/photo-1485463611174-f302f6a5c1c9?w=1200&q=80'
    ],
    availability: true,
    rating: 4.8,
    seats: 2,
    transmission: 'Manual',
    fuelType: 'Gasoline'
  },
  {
    name: 'Toyota Highlander',
    brand: 'Toyota',
    model: 'Highlander',
    year: 2023,
    pricePerDay: 125,
    type: 'SUV',
    description: 'Versatile three-row SUV with comfort, safety, and smooth performance.',
    location: 'St. Louis, MO',
    pickupLocationCoords: { lat: 38.627, lng: -90.1994 },
    imageUrl: 'https://images.unsplash.com/photo-1502877338535-766e1452684a?w=1200&q=80',
    galleryImages: [
      'https://images.unsplash.com/photo-1493238792000-8113da705763?w=1200&q=80',
      'https://images.unsplash.com/photo-1485463611174-f302f6a5c1c9?w=1200&q=80',
      'https://images.unsplash.com/photo-1503376780353-7e6692767b70?w=1200&q=80'
    ],
    availability: true,
    rating: 4.7,
    seats: 7,
    transmission: 'Auto',
    fuelType: 'Gasoline'
  },
  {
    name: 'BMW 3 Series',
    brand: 'BMW',
    model: '330i',
    year: 2024,
    pricePerDay: 155,
    type: 'Sedan',
    description: 'Sporty executive sedan with sharp handling and premium finishes.',
    location: 'San Mateo, CA',
    pickupLocationCoords: { lat: 37.563, lng: -122.3255 },
    imageUrl: 'https://images.unsplash.com/photo-1511919884226-fd3cad34687c?w=1200&q=80',
    galleryImages: [
      'https://images.unsplash.com/photo-1493238792000-8113da705763?w=1200&q=80',
      'https://images.unsplash.com/photo-1502877338535-766e1452684a?w=1200&q=80',
      'https://images.unsplash.com/photo-1462396881884-de2c07cb95ed?w=1200&q=80'
    ],
    availability: true,
    rating: 4.8,
    seats: 5,
    transmission: 'Auto',
    fuelType: 'Gasoline'
  },
  {
    name: 'Mercedes-Benz S-Class',
    brand: 'Mercedes',
    model: 'S500',
    year: 2024,
    pricePerDay: 420,
    type: 'Sedan',
    description: 'Flagship luxury with unparalleled comfort, tech, and prestige.',
    location: 'New York, NY',
    pickupLocationCoords: { lat: 40.7128, lng: -74.006 },
    imageUrl: 'https://images.unsplash.com/photo-1503376780353-7e6692767b70?w=1200&q=80',
    galleryImages: [
      'https://images.unsplash.com/photo-1485463611174-f302f6a5c1c9?w=1200&q=80',
      'https://images.unsplash.com/photo-1502877338535-766e1452684a?w=1200&q=80',
      'https://images.unsplash.com/photo-1493238792000-8113da705763?w=1200&q=80'
    ],
    availability: true,
    rating: 5.0,
    seats: 5,
    transmission: 'Auto',
    fuelType: 'Gasoline'
  },
  {
    name: 'Audi Q5',
    brand: 'Audi',
    model: 'Q5',
    year: 2023,
    pricePerDay: 180,
    type: 'SUV',
    description: 'Premium compact SUV with modern tech and quattro confidence.',
    location: 'Pittsburgh, PA',
    pickupLocationCoords: { lat: 40.4406, lng: -79.9959 },
    imageUrl: 'https://images.unsplash.com/photo-1502877338535-766e1452684a?w=1200&q=80',
    galleryImages: [
      'https://images.unsplash.com/photo-1493238792000-8113da705763?w=1200&q=80',
      'https://images.unsplash.com/photo-1503376780353-7e6692767b70?w=1200&q=80',
      'https://images.unsplash.com/photo-1485463611174-f302f6a5c1c9?w=1200&q=80'
    ],
    availability: true,
    rating: 4.7,
    seats: 5,
    transmission: 'Auto',
    fuelType: 'Gasoline'
  },
  {
    name: 'Tesla Model X',
    brand: 'Tesla',
    model: 'Model X',
    year: 2024,
    pricePerDay: 260,
    type: 'Electric',
    description: 'Luxury EV SUV with falcon-wing doors and cutting-edge tech.',
    location: 'San Francisco, CA',
    pickupLocationCoords: { lat: 37.7749, lng: -122.4194 },
    imageUrl: 'https://images.unsplash.com/photo-1544636331-e26879cd4d9b?w=1200&q=80',
    galleryImages: [
      'https://images.unsplash.com/photo-1560958089-b8a1929cea89?w=1200&q=80',
      'https://images.unsplash.com/photo-1493238792000-8113da705763?w=1200&q=80',
      'https://images.unsplash.com/photo-1502877338535-766e1452684a?w=1200&q=80'
    ],
    availability: true,
    rating: 4.9,
    seats: 6,
    transmission: 'Auto',
    fuelType: 'Electric'
  },
  {
    name: 'Lexus LS 500',
    brand: 'Lexus',
    model: 'LS 500',
    year: 2024,
    pricePerDay: 350,
    type: 'Sedan',
    description: 'Ultra-luxury sedan with serene cabin and commanding presence.',
    location: 'Boca Raton, FL',
    pickupLocationCoords: { lat: 26.3683, lng: -80.1289 },
    imageUrl: 'https://images.unsplash.com/photo-1503376780353-7e6692767b70?w=1200&q=80',
    galleryImages: [
      'https://images.unsplash.com/photo-1485463611174-f302f6a5c1c9?w=1200&q=80',
      'https://images.unsplash.com/photo-1502877338535-766e1452684a?w=1200&q=80',
      'https://images.unsplash.com/photo-1493238792000-8113da705763?w=1200&q=80'
    ],
    availability: true,
    rating: 4.9,
    seats: 5,
    transmission: 'Auto',
    fuelType: 'Gasoline'
  },
  {
    name: 'Porsche Cayenne',
    brand: 'Porsche',
    model: 'Cayenne',
    year: 2023,
    pricePerDay: 280,
    type: 'SUV',
    description: 'High-performance SUV with sharp dynamics and luxury comfort.',
    location: 'Naples, FL',
    pickupLocationCoords: { lat: 26.142, lng: -81.7948 },
    imageUrl: 'https://images.unsplash.com/photo-1503376780353-7e6692767b70?w=1200&q=80',
    galleryImages: [
      'https://images.unsplash.com/photo-1503376712341-ea080dd55e09?w=1200&q=80',
      'https://images.unsplash.com/photo-1493238792000-8113da705763?w=1200&q=80',
      'https://images.unsplash.com/photo-1485463611174-f302f6a5c1c9?w=1200&q=80'
    ],
    availability: true,
    rating: 4.9,
    seats: 5,
    transmission: 'Auto',
    fuelType: 'Gasoline'
  },
  {
    name: 'Honda Pilot Elite',
    brand: 'Honda',
    model: 'Pilot',
    year: 2023,
    pricePerDay: 120,
    type: 'SUV',
    description: 'Family-ready SUV with three-row seating and premium comfort.',
    location: 'Austin, TX',
    pickupLocationCoords: { lat: 30.2672, lng: -97.7431 },
    imageUrl: 'https://images.unsplash.com/photo-1502877338535-766e1452684a?w=1200&q=80',
    galleryImages: [
      'https://images.unsplash.com/photo-1493238792000-8113da705763?w=1200&q=80',
      'https://images.unsplash.com/photo-1485463611174-f302f6a5c1c9?w=1200&q=80',
      'https://images.unsplash.com/photo-1503376780353-7e6692767b70?w=1200&q=80'
    ],
    availability: true,
    rating: 4.6,
    seats: 7,
    transmission: 'Auto',
    fuelType: 'Gasoline'
  },
  {
    name: 'Hyundai Santa Fe',
    brand: 'Hyundai',
    model: 'Santa Fe',
    year: 2023,
    pricePerDay: 105,
    type: 'SUV',
    description: 'Comfortable, modern SUV with refined interior and smooth ride.',
    location: 'Richmond, VA',
    pickupLocationCoords: { lat: 37.5407, lng: -77.436 },
    imageUrl: 'https://images.unsplash.com/photo-1502877338535-766e1452684a?w=1200&q=80',
    galleryImages: [
      'https://images.unsplash.com/photo-1493238792000-8113da705763?w=1200&q=80',
      'https://images.unsplash.com/photo-1485463611174-f302f6a5c1c9?w=1200&q=80',
      'https://images.unsplash.com/photo-1503376780353-7e6692767b70?w=1200&q=80'
    ],
    availability: true,
    rating: 4.6,
    seats: 5,
    transmission: 'Auto',
    fuelType: 'Gasoline'
  },
  {
    name: 'Kia Sportage Hybrid',
    brand: 'Kia',
    model: 'Sportage',
    year: 2024,
    pricePerDay: 115,
    type: 'SUV',
    description: 'Efficient hybrid SUV with bold styling and advanced tech.',
    location: 'Baltimore, MD',
    pickupLocationCoords: { lat: 39.2904, lng: -76.6122 },
    imageUrl: 'https://images.unsplash.com/photo-1502877338535-766e1452684a?w=1200&q=80',
    galleryImages: [
